355.047 17.8024
-705.416 -35.2208
393.448 19.7224
-373.278 -18.6139
608.891 30.4945
-501.421 -25.0211
-361.091 -18.0046
-377.081 -18.804
-361.735 -18.0368
736.414 36.8707
-689.416 -34.4208
895.27 44.8135
-538.823 -26.8912
416.983 20.8991
-226.303 -11.2651
-773.139 -38.607
482.572 24.1786
748.702 37.4851
-769.081 -38.404
500.467 25.0734
69.8415 3.54207
198.484 9.97421
440.638 22.0819
-3.9529 -0.147645
-735.383 -36.7192
-41.174 -2.0087
975.698 48.8349
67.0301 3.40151
-978.487 -48.8744
-5.34834 -0.217417
-278.999 -13.9
229.076 11.5038
289.236 14.5118
-885.551 -44.2276
855.798 42.8399
-249.357 -12.4178
-534.456 -26.6728
-652.777 -32.5889
373.563 18.7281
103.809 5.24043
-916.364 -45.7682
684.147 34.2573
-148.405 -7.37027
-602.671 -30.0835
-46.3541 -2.2677
625.292 31.3146
-375.81 -18.7405
-711.266 -35.5133
226.51 11.3755
-144.891 -7.19453
789.202 39.5101
-851.132 -42.5066
-946.406 -47.2703
82.3559 4.1678
144.915 7.29576
-829.273 -41.4137
-958.818 -47.8909
-26.8702 -1.29351
237.757 11.9378
915.211 45.8105
967.781 48.4391
958.758 47.9879
-3.19674 -0.109837
109.534 5.5267
925.723 46.3361
-294.882 -14.6941
860.177 43.0589
-756.217 -37.7608
52.3405 2.66702
86.256 4.3628
347.592 17.4296
-11.5068 -0.525338
-377.081 -18.804
-948.297 -47.3649
385.823 19.3411
576.565 28.8783
676.994 33.8997
-989.987 -49.4494
865.299 43.315
-243.979 -12.149
-282.362 -14.0681
507.017 25.4009
-95.111 -4.70555
-376.252 -18.7626
-558.11 -27.8555
-950.196 -47.4598
-205.525 -10.2262
-664.412 -33.1706
-124.55 -6.17749
-967.768 -48.3384
-896.685 -44.7842
-304.252 -15.1626
843.506 42.2253
100.118 5.05592
805.282 40.3141
621.745 31.1373
805.236 40.3118
517.975 25.9488
865.528 43.3264
-289.907 -14.4454
-543.252 -27.1126
65.6364 3.33182
698.586 34.9793
79.6669 4.03335
117.339 5.91695
-63.075 -3.10375
-491.252 -24.5126
-353.15 -17.6075
-200.546 -9.9773
-773.436 -38.6218
402.871 20.1935
517.092 25.9046
733.582 36.7291
-839.724 -41.9362
-859.159 -42.908
-972.012 -48.5506
-937.404 -46.8202
-212.168 -10.5584
-636.424 -31.7712
-61.9533 -3.04766
-327.419 -16.321
-533.109 -26.6055
633.795 31.7397
-631.397 -31.5199
567.009 28.4005
291.593 14.6297
990.348 49.5674
224.761 11.2881
-337.915 -16.8458
708.393 35.4697
934.854 46.7927
118.832 5.99162
-373.454 -18.6227
485.957 24.3478
-948.984 -47.3992
743.885 37.2442
-724.602 -36.1801
-440.236 -21.9618
-756.749 -37.7875
74.8521 3.79261
-213.672 -10.6336
646.122 32.3561
-555.539 -27.727
-627.574 -31.3287
806.398 40.3699
-562.182 -28.0591
-599.586 -29.9293
868.994 43.4997
225.65 11.3325
-236.011 -11.7505
-340.443 -16.9721
898.231 44.9615
230.88 11.594
-854.132 -42.6566
-880.65 -43.9825
-349.595 -17.4297
437.461 21.9231
-890.302 -44.4651
875.167 43.8083
-900.454 -44.9727
670.608 33.5804
662.538 33.1769
70.8949 3.59474
-850.33 -42.4665
1.01064 0.100532
121.911 6.14553
893.555 44.7277
276.409 13.8704
681.675 34.1337
-863.194 -43.1097
-796.223 -39.7611
-679.481 -33.924
635.444 31.8222
-351.762 -17.5381
-307.055 -15.3027
294.358 14.7679
86.056 4.3528
93.3593 4.71796
15.868 0.843401
-835.778 -41.7389
857.349 42.9174
675.425 33.8213
-937.547 -46.8273
-59.2551 -2.91275
821.293 41.1147
-965.68 -48.234
591.15 29.6075
111.271 5.61356
-855.982 -42.7491
318.834 15.9917
63.3336 3.21668
667.142 33.4071
-166.113 -8.25563
-865.772 -43.2386
816.812 40.8906
834.898 41.7949
108.655 5.48277
562.884 28.1942
-36.1768 -1.75884
-357.154 -17.8077
552.206 27.6603
167.6 8.43002
-36.6345 -1.78173
40.1658 2.05829
815.838 40.8419
656.311 32.8655
-812.96 -40.598
-245.589 -12.2295
-397.813 -19.8407
202.908 10.1954
-81.3667 -4.01834
-687.948 -34.3474
-269.151 -13.4075
-166.397 -8.26986
252.796 12.6898
-595.341 -29.717
-132.078 -6.55388
-303.537 -15.1268
515.93 25.8465
-135.543 -6.72716
-984.703 -49.1852
-568.22 -28.361
-615.885 -30.7442
-298.299 -14.865
-581.475 -29.0238
-946.556 -47.2778
-610.885 -30.4943
527.18 26.409
616.327 30.8664
352.938 17.6969
-977.457 -48.8229
21.0496 1.10248
-626.945 -31.2973
-14.0916 -0.654582
-938.785 -46.8892
-958.59 -47.8795
-505.264 -25.2132
-899.228 -44.9114
-204.179 -10.159
96.9222 4.89611
303.679 15.234
714.454 35.7727
408.974 20.4987
-965.471 -48.2236
-599.427 -29.9214
-485.713 -24.2357
-708.296 -35.3648
268.495 13.4748
210.75 10.5875
807.634 40.4317
-867.048 -43.3024
78.5628 3.97814
-908.069 -45.3535
-630.416 -31.4708
780.263 39.0632
-489.544 -24.4272
-576.972 -28.7986
-978.105 -48.8553
-962.364 -48.0682
-960.645 -47.9822
374.833 18.7916
-939.821 -46.941
-87.0789 -4.30394
747.888 37.4444
-101.396 -5.0198
-173.347 -8.61735
789.297 39.5149
393.34 19.717
-72.5755 -3.57878
-562.366 -28.0683
-657.222 -32.8111
-916.38 -45.769
-995.396 -49.7198
751.752 37.6376
-881.851 -44.0425
-594.823 -29.6911
-881.445 -44.0223
-737.63 -36.8315
673.673 33.7336
329.304 16.5152
-929.996 -46.4498
659.141 33.0071
-739.616 -36.9308
-985.549 -49.2274
-971.275 -48.5137
-959.353 -47.9177
-475.093 -23.7046
-695.731 -34.7365
-937.458 -46.8229
-584.94 -29.197
-803.859 -40.143
289.891 14.5445
-672.244 -33.5622
109.062 5.5031
-109.705 -5.43526
226.359 11.368
935.715 46.8357
-467.891 -23.3446
-527.785 -26.3392
-284.344 -14.1672
-30.257 -1.46285
-185.007 -9.20033
-200.724 -9.9862
-25.6526 -1.23263
-580.738 -28.9869
-230.059 -11.4529
379.525 19.0262
-462.184 -23.0592
32.311 1.66555
-94.2859 -4.66429
867.121 43.406
-45.1686 -2.20843
-582.628 -29.0814
-872.496 -43.5748
-30.7172 -1.48586
-701.387 -35.0193
-979.333 -48.9166
494.19 24.7595
-397.117 -19.8059
935.725 46.8363
909.25 45.5125
-200.976 -9.99882
78.1324 3.95662
-910.478 -45.4739
908.086 45.4543
968.427 48.4714
315.881 15.8441
696.317 34.8658
-646.948 -32.2974
788.097 39.4548
-735.511 -36.7256
322.795 16.1898
-544.393 -27.1697
63.7649 3.23825
-850.341 -42.467
-125.132 -6.20659
833.706 41.7353
529.184 26.5092
412.684 20.6842
-281.466 -14.0233
-712.586 -35.5793
132.321 6.66607
673.365 33.7183
-295.214 -14.7107
112.342 5.66709
-504.836 -25.1918
3.39968 0.219984
-14.4744 -0.67372
989.354 49.5177
606.282 30.3641
-226.233 -11.2616
751.121 37.606
-742.178 -37.0589
851.9 42.645
840.643 42.0821
-981.576 -49.0288
672.843 33.6922
9.04065 0.502032
714.741 35.7871
-974.104 -48.6552
-350.346 -17.4673
979.23 49.0115
201.207 10.1104
105.26 5.31302
-104.489 -5.17444
350.866 17.5933
980.129 49.0564
-418.266 -20.8633
-267.434 -13.3217
245.329 12.3165
300.268 15.0634
19.9808 1.04904
-769.833 -38.4416
-173.851 -8.64255
724.767 36.2884
342.509 17.1754
321.313 16.1157
-419.317 -20.9158
-819.449 -40.9225
163.184 8.20919
-960.518 -47.9759
-45.6819 -2.2341
-233.179 -11.609
-702.696 -35.0848
-341.266 -17.0133
-540.02 -26.951
-684.271 -34.1636
-815.906 -40.7453
469.021 23.501
-969.53 -48.4265
-937.494 -46.8247
-881.326 -44.0163
862.216 43.1608
263.713 13.2356
76.4513 3.87256
-389.756 -19.4378
-532.905 -26.5952
-90.9038 -4.49519
191.978 9.64888
199.662 10.0331
-993.058 -49.6029
-655.239 -32.7119
-927.841 -46.342
-762.891 -38.0946
170.91 8.59552
796.926 39.8963
579.618 29.0309
-655.26 -32.713
-769.875 -38.4437
760.169 38.0584
507.924 25.4462
-730.393 -36.4696
-432.997 -21.5998
-872.739 -43.587
-433.089 -21.6044
225.737 11.3369
-412.759 -20.588
-117.36 -5.818
409.831 20.5415
-943.738 -47.1369
-234.374 -11.6687
472.337 23.6668
-972.548 -48.5774
-519.642 -25.9321
-411.434 -20.5217
-43.58 -2.129
90.602 4.5801
55.6615 2.83308
865.516 43.3258
-864.904 -43.1952
-892.16 -44.558
872.458 43.6729
-520.143 -25.9571
-820.001 -40.9501
-890.433 -44.4717
650.768 32.5884
976.925 48.8962
541.701 27.1351
995.508 49.8254
-940.433 -46.9717
154.386 7.7693
355.948 17.8474
-670.826 -33.4913
721.389 36.1195
483.209 24.2104
-103.915 -5.14573
-200.357 -9.96787
-929.551 -46.4275
778.725 38.9863
-938.01 -46.8505
979.227 49.0114
-603.132 -30.1066
534.327 26.7663
859.196 43.0098
-122.774 -6.0887
-877.107 -43.8054
-331.868 -16.5434
967.828 48.4414
31.0705 1.60353
-613.835 -30.6418
-897.076 -44.8038
138.91 6.99551
-888.861 -44.393
-564.702 -28.1851
318.909 15.9955
-926.777 -46.2889
-913.935 -45.6467
148.35 7.46751
614.924 30.7962
934.089 46.7545
207.917 10.4458
-378.174 -18.8587
142.553 7.17767
537.091 26.9045
-804.269 -40.1634
-521.722 -26.0361
-714.307 -35.6654
-4.62602 -0.181301
-598.756 -29.8878
-935.582 -46.7291
57.3639 2.91819
-767.012 -38.3006
-686.198 -34.2599
-555.793 -27.7397
-907.816 -45.3408
191.028 9.60139
-580.384 -28.9692
-387.168 -19.3084
11.3721 0.618607
450.686 22.5843
-1.00261 -0.00013065
-33.1877 -1.60938
-557.887 -27.8444
110.137 5.55684
402.11 20.1555
761.022 38.1011
183.359 9.21797
340.691 17.0846
-238.111 -11.8556
-349.2 -17.41
127.297 6.41486
969.806 48.5403
272.626 13.6813
-877.633 -43.8317
359.413 18.0206
468.357 23.4678
-399.355 -19.9177
645.105 32.3053
-683.753 -34.1376
1.88895 0.144448
562.039 28.152
373.611 18.7306
234.877 11.7938
875.841 43.8421
817.818 40.9409
179.577 9.02883
-80.6144 -3.98072
-910.05 -45.4525
792.409 39.6704
930.758 46.5879
540.637 27.0818
-356.077 -17.7539
-249.914 -12.4457
982.75 49.1875
754.059 37.753
-995.287 -49.7144
596.288 29.8644
-210.065 -10.4532
345.404 17.3202
-789.307 -39.4154
440.735 22.0867
-674.782 -33.6891
-966.985 -48.2993
-434.123 -21.6562
-552.416 -27.5708
392.428 19.6714
-965.766 -48.2383
48.2293 2.46147
-109.951 -5.44754
-797.003 -39.8001
-949.882 -47.4441
-695.395 -34.7197
576.609 28.8804
137.511 6.92556
-967.037 -48.3019
246.943 12.3971
-830.396 -41.4698
-47.6516 -2.33258
336.893 16.8947
962.013 48.1506
-264.378 -13.1689
-269.954 -13.4477
-541.548 -27.0274
485.709 24.3354
-434.688 -21.6844
-934.972 -46.6986
490.421 24.5711
-985.884 -49.2442
-145.037 -7.20185
-311.658 -15.5329
-775.191 -38.7095
-851.786 -42.5393
13.5593 0.727964
-742.176 -37.0588
-285.909 -14.2455
461.144 23.1072
650.252 32.5626
-399.159 -19.908
-638.111 -31.8555
-607.183 -30.3091
-196.162 -9.75808
-735.476 -36.7238
-302.577 -15.0789
-767.037 -38.3018
402.035 20.1518
-269.615 -13.4307
479.906 24.0453
571.639 28.632
682.734 34.1867
-330.684 -16.4842
386.169 19.3584
-729.127 -36.4064
399.362 20.0181
844.621 42.281
756.581 37.8791
964.674 48.2837
909.648 45.5324
99.5193 5.02596
978.79 48.9895
-382.872 -19.0936
787.861 39.4431
-943.884 -47.1442
-234.658 -11.6829
-346.063 -17.2532
-686.06 -34.253
479.433 24.0216
-884.92 -44.196
964.192 48.2596
-919.726 -45.9363
-670.514 -33.4757
-790.475 -39.4737
-263.372 -13.1186
-405.99 -20.2495
-93.0521 -4.6026
-30.4084 -1.47042
996.045 49.8523
637.333 31.9167
-697.986 -34.8493
420.201 21.06
172.583 8.67917
-28.6701 -1.3835
-341.114 -17.0057
443.456 22.2228
-776.792 -38.7896
-643.978 -32.1489
52.5539 2.67769
-959.602 -47.9301
-881.813 -44.0406
-995.41 -49.7205
-980.811 -48.9906
-264.685 -13.1843
792.451 39.6725
-924.696 -46.1848
500.657 25.0828
-701.096 -35.0048
-758.239 -37.862
-167.394 -8.31971
-733.5 -36.625
-941.531 -47.0266
-234.604 -11.6802
-404.014 -20.1507
-732.006 -36.5503
502.024 25.1512
189.996 9.54981
174.942 8.7971
-675.868 -33.7434
38.5576 1.97788
-335.208 -16.7104
-373.854 -18.6427
-688.725 -34.3863
837.375 41.9188
597.476 29.9238
-29.8399 -1.442
133.347 6.71737
820.684 41.0842
326.182 16.3591
-961.582 -48.0291
861.083 43.1041
444.37 22.2685
-956.993 -47.7996
732.788 36.6894
-967.799 -48.34
835.458 41.8229
660.609 33.0804
532.857 26.6929
-865.639 -43.2319
902.369 45.1685
-782.02 -39.051
-746.622 -37.2811
960.838 48.0919
-16.6246 -0.78123
-150.636 -7.48179
-918.652 -45.8826
-662.084 -33.0542
-960.64 -47.982
256.29 12.8645
-337.952 -16.8476
-69.5656 -3.42828
921.082 46.1041
288.194 14.4597
241.709 12.1354
610.973 30.5987
-261.813 -13.0407
-935.615 -46.7307
-403.163 -20.1081
-588.612 -29.3806
390.568 19.5784
-364.745 -18.1873
-875.013 -43.7007
-312.546 -15.5773
-321.738 -16.0369
857.774 42.9387
-280.346 -13.9673
-633.764 -31.6382
370.899 18.595
-894.972 -44.6986
-646.886 -32.2943
125.785 6.33924
-676.992 -33.7996
-393.508 -19.6254
-60.8609 -2.99305
306.383 15.3692
455.856 22.8428
20.4874 1.07437
644.299 32.265
347.733 17.4367
-870.706 -43.4853
-841.136 -42.0068
-869.316 -43.4158
-949.624 -47.4312
447.058 22.4029
372.393 18.6696
513.866 25.7433
-962.239 -48.0619
436.778 21.8889
-889.297 -44.4148
-550.851 -27.4926
-320.138 -15.9569
-401.525 -20.0263
-425.865 -21.2432
367.316 18.4158
276.737 13.8868
-715.574 -35.7287
-913.029 -45.6015
642.973 32.1987
655.326 32.8163
-955.485 -47.7242
996.087 49.8544
-366.373 -18.2687
-632.477 -31.5739
-544.904 -27.1952
572.766 28.6883
673.906 33.7453
910.952 45.5976
-554.23 -27.6615
170.721 8.58607
111.202 5.61009
-424.936 -21.1968
329.585 16.5292
241.886 12.1443
-522.044 -26.0522
-370.841 -18.492
-533.205 -26.6103
991.822 49.6411
-333.08 -16.604
903.573 45.2287
955.042 47.8021
116.069 5.85345
-564.048 -28.1524
-593.967 -29.6484
690.205 34.5602
803.268 40.2134
682.769 34.1885
974.631 48.7815
742.755 37.1878
178.259 8.96294
482.473 24.1736
787.27 39.4135
26.8624 1.39312
-883.9 -44.145
-992.69 -49.5845
481.958 24.1479
541.382 27.1191
681.216 34.1108
245.427 12.3213
987.151 49.4076
-295.547 -14.7273
-790.855 -39.4928
-585.269 -29.2134
-965.962 -48.2481
451.03 22.6015
-107.312 -5.31561
-484.286 -24.1643
917.825 45.9413
-262.974 -13.0987
182.634 9.18171
673.915 33.7457
-455.416 -22.7208
-848.78 -42.389
-890.133 -44.4567
-49.3831 -2.41915
841.424 42.1212
765.652 38.3326
-514.097 -25.6549
668.571 33.4786
360.923 18.0962
664.161 33.2581
3.5603 0.228015
0.709778 0.0854889
-456.46 -22.773
-27.8238 -1.34119
8.01933 0.450967
-974.502 -48.6751
-633.926 -31.6463
-458.249 -22.8624
123.441 6.22206
-794.258 -39.6629
246.205 12.3602
332.586 16.6793
-379.527 -18.9263
132.759 6.68796
-363.867 -18.1434
513.161 25.7081
648.473 32.4736
-593.525 -29.6263
-897.296 -44.8148
-316.377 -15.7688
-919.611 -45.9305
-352.712 -17.5856
-165.157 -8.20785
-957.227 -47.8114
597.905 29.9453
-471.217 -23.5108
660.941 33.097
-916.192 -45.7596
-950.129 -47.4564
-125.62 -6.23099
600.486 30.0743
53.4313 2.72157
875.09 43.8045
-855.974 -42.7487
-974.393 -48.6696
-264.374 -13.1687
-977.96 -48.848
-755.802 -37.7401
277.377 13.9188
-2.00204 -0.0501022
-550.06 -27.453
-623.902 -31.1451
-816.9 -40.795
70.4136 3.57068
508.857 25.4928
-180.767 -8.98834
-563.909 -28.1454
9.84619 0.54231
225.708 11.3354
-461.205 -23.0103
693.47 34.7235
158.613 7.98067
186.083 9.35416
-619.171 -30.9085
53.9026 2.74513
-363.495 -18.1248
-90.3875 -4.46938
-432.64 -21.582
-427.171 -21.3086
-40.5165 -1.97583
441.74 22.137
-974.169 -48.6585
-987.085 -49.3043
169.346 8.5173
-977.627 -48.8314
891.039 44.6019
904.972 45.2986
-955.587 -47.7294
-864.763 -43.1882
34.8648 1.79324
-105.073 -5.20364
-562.307 -28.0653
410.962 20.5981
78.0276 3.95138
508.107 25.4553
-227.664 -11.3332
897.261 44.913
944.198 47.2599
782.182 39.1591
-24.5153 -1.17577
-664.491 -33.1745
328.168 16.4584
-865.902 -43.2451
521.592 26.1296
708.997 35.4998
40.5171 2.07586
-989.387 -49.4193
-528.874 -26.3937
607.877 30.4438
-416.558 -20.7779
430.609 21.5805
-97.8671 -4.84336
-390.727 -19.4864
296.04 14.852
-928.521 -46.3761
-368.355 -18.3677
39.5954 2.02977
828.967 41.4983
-471.425 -23.5213
27.3486 1.41743
-283.652 -14.1326
423.502 21.2251
465.042 23.3021
-872.69 -43.5845
-645.954 -32.2477
-174.335 -8.66675
-247.838 -12.3419
-896.177 -44.7589
-377.621 -18.831
-613.139 -30.607
79.3075 4.01537
-42.1114 -2.05557
715.029 35.8014
65.922 3.3461
-668.003 -33.3501
276.542 13.8771
-893.561 -44.628
-657.389 -32.8195
747.667 37.4334
566.832 28.3916
-73.9471 -3.64736
30.793 1.58965
-678.519 -33.8759
535.326 26.8163
-820.65 -40.9825
-754.523 -37.6762
-980.513 -48.9756
218.945 10.9973
-925.557 -46.2278
-451.938 -22.5469
-901.19 -45.0095
-356.692 -17.7846
971.564 48.6282
563.852 28.2426
-376.866 -18.7933
-821.874 -41.0437
-757.967 -37.8483
375.297 18.8148
-718.052 -35.8526
-135.587 -6.72937
762.158 38.1579
361.256 18.1128
822.301 41.1651
329.702 16.5351
-720.306 -35.9653
-993.185 -49.6093
-541.239 -27.012
-761.35 -38.0175
-650.574 -32.4787
-941.056 -47.0028
805.482 40.3241
275.479 13.8239
89.7374 4.53687
-873.037 -43.6018
-336.68 -16.784
269.087 13.5044
-775.044 -38.7022
-317.192 -15.8096
-659.451 -32.9226
-848.084 -42.3542
230.869 11.5935
-560.641 -27.9821
-204.776 -10.1888
54.9493 2.79746
-996.789 -49.7895
418.358 20.9679
233.075 11.7037
-902.24 -45.062
-353.829 -17.6414
515.023 25.8012
-37.827 -1.84135
-739.155 -36.9077
-271.205 -13.5102
-363.01 -18.1005
590.548 29.5774
8.48967 0.474483
-356.195 -17.7597
-950.692 -47.4846
247.139 12.407
-6.76888 -0.288444
-891.747 -44.5374
-94.8625 -4.69313
-878.774 -43.8887
50.5066 2.57533
-115.383 -5.71915
-215.453 -10.7227
-827.89 -41.3445
109.573 5.52866
467.354 23.4177
-487.341 -24.3171
261.489 13.1245
-449.26 -22.413
-47.9822 -2.34911
-943.287 -47.1143
605.689 30.3345
-192.255 -9.56275
327.588 16.4294
-308.72 -15.386
-94.4947 -4.67473
973.759 48.738
-941.18 -47.009
867.678 43.4339
-912.879 -45.594
-212.384 -10.5692
-642.815 -32.0907
677.669 33.9334
796.105 39.8553
0.990508 0.0995254
579.493 29.0247
-104.239 -5.16196
994.222 49.7611
540.263 27.0631
800.898 40.0949
-884.552 -44.1776
-556.715 -27.7857
-461.968 -23.0484
-247.489 -12.3245
-384.604 -19.1802
647.605 32.4302
-927.619 -46.3309
128.055 6.45273
-238.389 -11.8695
-376.879 -18.7939
