291.982 14.6491
-623.295 -31.1148
360.65 18.0825
852.232 42.6616
266.533 13.3767
-260.82 -12.991
-883.377 -44.1189
910.182 45.5591
-891.855 -44.5428
-34.7136 -1.68568
875.713 43.8357
644.301 32.2651
519.705 26.0353
-936.698 -46.7849
-923.297 -46.1149
875.927 43.8463
16.1109 0.855546
-135.749 -6.73744
-957.332 -47.8166
-827.667 -41.3333
-723.307 -36.1154
-128.12 -6.35602
569.328 28.5164
-156.309 -7.76543
-972.411 -48.5706
-768.666 -38.3833
-105.748 -5.23738
384.985 19.2992
-78.8856 -3.89428
131.884 6.64421
972.685 48.6842
-934.388 -46.6694
508.589 25.4795
185.851 9.34257
917.844 45.9422
-372.361 -18.5681
925.032 46.3016
-965.533 -48.2266
-609.663 -30.4332
-966.823 -48.2912
-147.73 -7.33651
-881.433 -44.0217
529.994 26.5497
-775.509 -38.7254
-965.615 -48.2307
606.697 30.3848
-899.582 -44.9291
50.4961 2.5748
-676.536 -33.7768
995.603 49.8301
222.829 11.1915
-399.843 -19.9422
-280.001 -13.9501
-355.326 -17.7163
443.848 22.2424
-252.413 -12.5706
-123.992 -6.14961
-809.383 -40.4191
-867.428 -43.3214
797.122 39.9061
322.501 16.1751
957.773 47.9387
862.735 43.1867
-316.393 -15.7697
-3.85879 -0.142939
633.095 31.7048
311.245 15.6123
-226.311 -11.2655
520.079 26.0539
701.582 35.1291
-340.618 -16.9809
-775.135 -38.7068
820.149 41.0574
-958.108 -47.8554
-550.644 -27.4822
854.534 42.7767
648.589 32.4795
-597.71 -29.8355
-242.453 -12.0727
972.054 48.6527
-749.591 -37.4295
980.376 49.0688
-575.273 -28.7137
-29.5923 -1.42962
-522.434 -26.0717
868.575 43.4788
717.995 35.9498
353.574 17.7287
-940.808 -46.9904
703.084 35.2042
3.21252 0.210626
234.21 11.7605
513.373 25.7187
-281.537 -14.0268
917.817 45.9408
-637.969 -31.8484
-795.925 -39.7462
81.5784 4.12892
135.72 6.83601
724.154 36.2577
-364.323 -18.1661
795.102 39.8051
949.018 47.5009
-691.658 -34.5329
836.995 41.8997
-749.109 -37.4055
-984.607 -49.1804
338.1 16.955
-346.819 -17.291
-227.061 -11.303
162.67 8.18351
-96.4099 -4.77049
-394.168 -19.6584
587.397 29.4199
873.998 43.7499
83.3981 4.2199
308.489 15.4744
444.509 22.2755
-710.511 -35.4756
220.197 11.0599
0.109357 0.0554678
292.701 14.6851
-693.077 -34.6038
-634.001 -31.65
-988.836 -49.3918
-922.744 -46.0872
-271.97 -13.5485
-932.244 -46.5622
158.835 7.99174
863.751 43.2375
791.909 39.6455
794.512 39.7756
511.369 25.6185
593.444 29.7222
-897.146 -44.8073
200.88 10.094
844.335 42.2667
-881.753 -44.0376
-608.503 -30.3751
-649.968 -32.4484
-256.297 -12.7649
554.167 27.7584
253.622 12.7311
349.535 17.5267
-5.91912 -0.245956
-19.8637 -0.943183
-714.551 -35.6775
-844.914 -42.1957
-722.838 -36.0919
-425.062 -21.2031
375.283 18.8142
277.271 13.9136
867.639 43.4319
682.207 34.1603
643.271 32.2135
731.319 36.616
759.463 38.0232
-776.183 -38.7591
799.075 40.0038
-229.186 -11.4093
-912.432 -45.5716
443.501 22.225
-582.158 -29.0579
451.453 22.6227
-110.539 -5.47693
-626.787 -31.2893
-495.15 -24.7075
-413.688 -20.6344
-656.023 -32.7512
-103.653 -5.13264
-63.6556 -3.13278
87.6796 4.43398
-696.969 -34.7985
-957.517 -47.8259
-710.269 -35.4635
297.112 14.9056
22.6193 1.18096
-424.82 -21.191
452.198 22.6599
299.781 15.0391
150.117 7.55586
-320.003 -15.9501
-570.431 -28.4716
-129.728 -6.43639
-785.28 -39.214
-927.161 -46.308
-545.892 -27.2446
974.183 48.7592
-850.827 -42.4914
-894.301 -44.665
-402.486 -20.0743
-910.743 -45.4872
549.2 27.51
15.3561 0.817808
540.71 27.0855
-708.822 -35.3911
388.569 19.4785
-954.44 -47.672
-122.509 -6.07547
732.546 36.6773
-205.576 -10.2288
813.835 40.7417
-327.258 -16.3129
97.4545 4.92272
856.318 42.8659
-37.5276 -1.82638
-752.917 -37.5959
-268.547 -13.3773
537.652 26.9326
699.28 35.014
-968.765 -48.3883
-459.714 -22.9357
-768.206 -38.3603
-686.68 -34.284
410.558 20.5779
-553.486 -27.6243
-761.324 -38.0162
864.666 43.2833
-726.787 -36.2893
-612.151 -30.5576
970.365 48.5683
-129.273 -6.41366
-522.894 -26.0947
372.082 18.6541
886.083 44.3541
-982.184 -49.0592
663.26 33.213
127.169 6.40843
915.893 45.8446
-606.733 -30.2867
-287.769 -14.3385
-437.167 -21.8084
-940.382 -46.9691
384.973 19.2986
660.287 33.0643
915.936 45.8468
-800.038 -39.9519
907.37 45.4185
-500.094 -24.9547
737.614 36.9307
459.166 23.0083
-616.343 -30.7672
-869.584 -43.4292
690.96 34.598
-303.023 -15.1012
540.973 27.0987
-862.527 -43.0763
-64.3473 -3.16737
258.155 12.9578
-736.797 -36.7899
323.501 16.2251
81.0367 4.10183
133.93 6.74649
800.607 40.0804
-694.365 -34.6683
-127.471 -6.32354
670.94 33.597
968.895 48.4947
999.698 50.0349
439.348 22.0174
-785.322 -39.2161
-435.555 -21.7278
-997.819 -49.841
-725.704 -36.2352
949.418 47.5209
514.984 25.7992
-957.252 -47.8126
-998.104 -49.8552
274.87 13.7935
-457.346 -22.8173
739.509 37.0255
-413.447 -20.6224
-73.6889 -3.63444
869.925 43.5462
-869.971 -43.4486
623.288 31.2144
263.414 13.2207
-879.981 -43.9491
-588.543 -29.3771
-625.914 -31.2457
-616.779 -30.7889
734.958 36.7979
455.123 22.8061
517.151 25.9076
388.082 19.4541
760.758 38.0879
-757.803 -37.8402
-88.4621 -4.3731
582.169 29.1584
-905.589 -45.2295
-796.597 -39.7799
796.847 39.8923
-341.144 -17.0072
-941.9 -47.045
-928.857 -46.3929
-539.21 -26.9105
573.084 28.7042
-886.109 -44.2554
-537.315 -26.8157
-299.529 -14.9265
-490.938 -24.4969
-945.289 -47.2145
287.023 14.4012
435.373 21.8186
924.636 46.2818
417.052 20.9026
-88.8228 -4.39114
40.5666 2.07833
537.07 26.9035
322.634 16.1817
414.653 20.7826
920.292 46.0646
-89.8909 -4.44454
-277.708 -13.8354
289.96 14.548
-849.292 -42.4146
-664.434 -33.1717
532.156 26.6578
62.2455 3.16227
917.734 45.9367
626.567 31.3784
265.648 13.3324
567.097 28.4049
-862.061 -43.053
323.748 16.2374
490.756 24.5878
-401.271 -20.0136
-250.651 -12.4826
457.164 22.9082
61.4144 3.12072
449.819 22.541
966.226 48.3613
116.125 5.85627
-410.641 -20.4821
254.115 12.7557
-106.722 -5.28612
-993.589 -49.6295
-982.191 -49.0596
933.844 46.7422
395.998 19.8499
340.443 17.0721
201.013 10.1007
168.806 8.49029
-896.932 -44.7966
923.305 46.2152
-688.718 -34.3859
-746.224 -37.2612
-888.613 -44.3807
843.438 42.2219
316.021 15.8511
-970.879 -48.4939
322.521 16.1761
-565.814 -28.2407
448.735 22.4867
460.461 23.073
757.934 37.9467
-207.992 -10.3496
-940.81 -46.9905
-640.201 -31.9601
-898.312 -44.8656
-26.8797 -1.29398
809.618 40.5309
-932.086 -46.5543
-910.754 -45.4877
-748.507 -37.3753
174.545 8.77724
-164.96 -8.19802
-889.58 -44.429
192.353 9.66767
-378.6 -18.88
506.418 25.3709
-614.687 -30.6844
822.413 41.1707
-472.26 -23.563
-511.619 -25.531
598.234 29.9617
-160.978 -7.99891
-257.843 -12.8422
709.621 35.5311
-465.024 -23.2012
-941.822 -47.0411
591.259 29.6129
857.498 42.9249
-655.12 -32.706
-107.49 -5.3245
170.475 8.57373
-897.186 -44.8093
684.518 34.2759
82.1804 4.15902
-684.871 -34.1935
786.206 39.3603
-944.699 -47.185
-875.253 -43.7126
706.635 35.3818
997.063 49.9031
-771.243 -38.5122
-266.303 -13.2652
-315.381 -15.7191
-660.823 -32.9912
926.05 46.3525
306.019 15.3509
845.595 42.3297
-836.121 -41.7561
-19.052 -0.902598
-774.149 -38.6574
-347.74 -17.337
-568.301 -28.3651
64.8728 3.29364
394.416 19.7708
-858.68 -42.884
599.849 30.0424
305.111 15.3055
585.095 29.3047
309.863 15.5431
649.991 32.5495
-669.879 -33.4439
-667.146 -33.3073
605.321 30.3161
-985.361 -49.2181
415.034 20.8017
920.451 46.0725
653.361 32.718
322.851 16.1926
897.714 44.9357
212.513 10.6756
172.43 8.67151
-873.529 -43.6265
946.209 47.3605
857.049 42.9024
-681.836 -34.0418
724.776 36.2888
15.5839 0.829194
-983.725 -49.1362
888.655 44.4827
996.532 49.8766
-757.874 -37.8437
-606.569 -30.2785
-719.253 -35.9127
306.999 15.3999
787.847 39.4424
-725.417 -36.2208
-240.636 -11.9818
-54.5256 -2.67628
859.678 43.0339
-930.773 -46.4886
-552.018 -27.5509
-957.684 -47.8342
-745.403 -37.2201
-946.697 -47.2849
-943.046 -47.1023
669.631 33.5316
826.27 41.3635
562.832 28.1916
-155.001 -7.70006
576.5 28.875
-372.14 -18.557
-982.571 -49.0785
555.487 27.8244
-573.414 -28.6207
726.994 36.3997
873.651 43.7326
-996.122 -49.7561
-404.905 -20.1953
889.926 44.5463
892.533 44.6766
-555.857 -27.7429
-867.948 -43.3474
-861.52 -43.026
-275.11 -13.7055
291.568 14.6284
926.327 46.3664
-0.527086 0.0236457
-949.068 -47.4034
-275.682 -13.7341
-288.333 -14.3666
972.675 48.6838
172.3 8.66499
-246.017 -12.2509
-920.211 -45.9606
78.1192 3.95596
-336.546 -16.7773
749.42 37.521
-243.095 -12.1047
-921.198 -46.0099
-553.065 -27.6033
-814.078 -40.6539
-293.338 -14.6169
-683.12 -34.106
741.409 37.1205
133.248 6.71241
-956.126 -47.7563
467.577 23.4288
137.126 6.90632
-508.515 -25.3757
210.02 10.551
-117.824 -5.84121
-64.3718 -3.16859
194.588 9.77942
20.6559 1.0828
660.518 33.0759
-661.328 -33.0164
-200.5 -9.97501
-487.493 -24.3246
-757.88 -37.844
523.818 26.2409
224.175 11.2587
-932.688 -46.5844
-451.366 -22.5183
978.157 48.9579
-852.899 -42.595
626.753 31.3877
-505.872 -25.2436
896.52 44.876
-763.825 -38.1412
-427.071 -21.3035
-804.029 -40.1514
-577.903 -28.8451
279.591 14.0296
-487.148 -24.3074
-983.977 -49.1489
-734.644 -36.6822
-590.757 -29.4879
483.6 24.23
402.482 20.1741
-99.2721 -4.9136
-453.864 -22.6432
-862.826 -43.0913
836.356 41.8678
740.724 37.0862
157.83 7.94151
349.39 17.5195
-920.604 -45.9802
957.33 47.9165
861.898 43.1449
-825.967 -41.2483
333.664 16.7332
-61.4115 -3.02058
-758.655 -37.8827
882.298 44.1649
-230.738 -11.4869
-611.554 -30.5277
361.568 18.1284
263.39 13.2195
-862.518 -43.0759
597.743 29.9372
836.319 41.8659
-666.546 -33.2773
-980.159 -48.958
-31.5736 -1.52868
-153.694 -7.63472
-964.136 -48.1568
233.782 11.7391
255.548 12.8274
371.98 18.649
-511.219 -25.511
-991.208 -49.5104
918.116 45.9558
-374.045 -18.6522
845.148 42.3074
511.356 25.6178
783.785 39.2393
47.0552 2.40276
443.269 22.2135
593.632 29.7316
-238.531 -11.8765
617.302 30.9151
-220.188 -10.9594
700.058 35.0529
858.648 42.9824
-485.373 -24.2187
-678.164 -33.8582
-900.39 -44.9695
876.195 43.8598
585.226 29.3113
-762.908 -38.0954
326.455 16.3728
274.061 13.7531
-429.454 -21.4227
198.812 9.99061
-904.996 -45.1998
416.851 20.8926
87.1923 4.40961
328.786 16.4893
-475.084 -23.7042
-688.311 -34.3656
817.567 40.9283
-466.292 -23.2646
-917.679 -45.834
-703.962 -35.1481
-768.627 -38.3814
593.677 29.7339
-920.177 -45.9588
278.428 13.9714
-110.537 -5.47686
525.971 26.3486
-960.103 -47.9551
-640.718 -31.9859
-841.7 -42.035
592.471 29.6736
-929.554 -46.4277
-327.073 -16.3037
914.308 45.7654
-829.945 -41.4472
-598.362 -29.8681
352.05 17.6525
-592.853 -29.5927
728.093 36.4547
-521.372 -26.0186
-22.3073 -1.06536
-220.578 -10.9789
-426.369 -21.2684
-752.94 -37.597
866.614 43.3807
902.418 45.1709
-228.024 -11.3512
-969.181 -48.409
572.501 28.675
305.684 15.3342
-886.86 -44.293
868.539 43.477
537.057 26.9029
706.817 35.3909
800.879 40.0939
-331.998 -16.5499
-551.203 -27.5102
179.367 9.01833
-439.585 -21.9292
-191.922 -9.54609
337.667 16.9333
-994.597 -49.6798
-121.476 -6.02382
-989.407 -49.4203
919.711 46.0355
48.5788 2.47894
-735.252 -36.7126
124.277 6.26385
455.726 22.8363
992.842 49.6921
602.904 30.1952
-714.065 -35.6533
-375.22 -18.711
-970.948 -48.4974
-467.005 -23.3002
-656.089 -32.7545
931.47 46.6235
304.971 15.2986
-625.27 -31.2135
356.487 17.8744
-536.828 -26.7914
-512.13 -25.5565
77.5425 3.92713
-999.771 -49.9386
-952.796 -47.5898
-269.062 -13.4031
-479.253 -23.9127
-504 -25.15
910.304 45.5652
81.1619 4.10809
304.079 15.2539
100.487 5.07437
86.5649 4.37825
-964.881 -48.1941
-36.4028 -1.77014
-141.208 -7.0104
83.6974 4.23487
228.345 11.4673
983.069 49.2034
-608.061 -30.353
73.7035 3.73518
438.49 21.9745
-322.126 -16.0563
698.484 34.9742
467.542 23.4271
210.869 10.5935
-957.606 -47.8303
251.528 12.6264
-631.643 -31.5322
-730.359 -36.468
-539.468 -26.9234
-168.472 -8.37358
-242.489 -12.0745
538.074 26.9537
-315.727 -15.7363
-195.285 -9.71426
-878.471 -43.8736
205.02 10.301
300.715 15.0858
-968.167 -48.3584
-861.302 -43.0151
-542.69 -27.0845
-15.1633 -0.708166
225.263 11.3132
-507.571 -25.3286
948.434 47.4717
-915.945 -45.7472
576.126 28.8563
29.2956 1.51478
919.64 46.032
968.066 48.4533
-897.001 -44.8
210.646 10.5823
-501.544 -25.0272
653.999 32.75
-469.295 -23.4148
709.326 35.5163
548.91 27.4955
782.233 39.1617
-922.317 -46.0659
818.551 40.9775
-904.719 -45.1859
-238.273 -11.8636
-571.422 -28.5211
633.356 31.7178
446.001 22.35
233.292 11.7146
754.884 37.7942
-496.463 -24.7731
-613.476 -30.6238
639.234 32.0117
-357.765 -17.8382
-156.166 -7.75829
-523.413 -26.1207
867.499 43.4249
336.263 16.8632
-722.463 -36.0732
804.07 40.2535
-235.094 -11.7047
306.832 15.3916
576.227 28.8613
-414.512 -20.6756
262.348 13.1674
-360.611 -17.9805
83.9441 4.2472
-231.137 -11.5068
170.094 8.55471
-354.214 -17.6607
-829.71 -41.4355
-195.156 -9.70781
-424.015 -21.1507
988.84 49.492
-99.8749 -4.94375
337.713 16.9356
-730.066 -36.4533
-614.003 -30.6501
-363.77 -18.1385
503.227 25.2113
-859.119 -42.9059
139.767 7.03834
889.751 44.5375
632.631 31.6816
782.002 39.1501
-413.899 -20.6449
-890.782 -44.4891
502.017 25.1509
922.364 46.1682
-760.729 -37.9865
158.603 7.98017
-460.214 -22.9607
546.103 27.3552
-412.653 -20.5827
125.274 6.3137
-339.032 -16.9016
226.736 11.3868
-938.266 -46.8633
429.831 21.5415
-750.653 -37.4827
-292.479 -14.574
600.121 30.056
54.1903 2.75952
283.506 14.2253
441.477 22.1239
954.315 47.7658
-526.265 -26.2633
711.411 35.6206
-807.171 -40.3086
109.964 5.54821
67.1543 3.40772
-813.773 -40.6387
-897.753 -44.8376
-190.579 -9.47893
818.858 40.9929
884.25 44.2625
395.523 19.8261
780.592 39.0796
238.783 11.9892
170.403 8.57017
-980.137 -48.9569
-750.097 -37.4549
710.19 35.5595
418.482 20.9741
-162.751 -8.08753
-312.02 -15.551
-920.55 -45.9775
-936.015 -46.7507
-250.285 -12.4643
361.797 18.1399
-834.152 -41.6576
457.235 22.9118
-185.566 -9.2283
220.039 11.0519
-406.743 -20.2871
-891.573 -44.5286
26.8704 1.39352
66.992 3.3996
819.839 41.0419
219.699 11.035
-970.527 -48.4764
-260.491 -12.9745
405.926 20.3463
-868.28 -43.364
548.931 27.4965
77.2999 3.915
-984.03 -49.1515
-203.03 -10.1015
-289.592 -14.4296
107.269 5.41346
967.373 48.4187
-417.213 -20.8106
357.172 17.9086
530.08 26.554
-998.731 -49.8865
-953.062 -47.6031
-929.424 -46.4212
933.236 46.7118
-889.077 -44.4038
-179.709 -8.93546
147.549 7.42746
-870.712 -43.4856
-869.958 -43.4479
961.983 48.1492
349.327 17.5163
-276.7 -13.785
-929.59 -46.4295
-771.287 -38.5143
790.292 39.5646
742.765 37.1883
448.413 22.4706
819.765 41.0382
-665.209 -33.2104
-293.145 -14.6073
951.485 47.6242
883.722 44.2361
784.155 39.2577
819.971 41.0485
-466.792 -23.2896
-652.921 -32.596
-220.244 -10.9622
-646.902 -32.2951
-70.1337 -3.45668
-863.072 -43.1036
883.177 44.2089
-216.348 -10.7674
-963.617 -48.1309
953.753 47.7377
-430.596 -21.4798
-852.694 -42.5847
-373.44 -18.622
716.953 35.8977
-870.89 -43.4945
-243.397 -12.1199
531.453 26.6226
478.437 23.9718
479.903 24.0451
454.38 22.769
707.15 35.4075
122.711 6.18555
49.6613 2.53306
8.07934 0.453967
-205.008 -10.2004
384.452 19.2726
714.934 35.7967
-401.007 -20.0004
120.691 6.08453
351.605 17.6303
-728.52 -36.376
653.899 32.7449
698.685 34.9842
51.2362 2.61181
-993.004 -49.6002
-518.933 -25.8966
40.681 2.08405
742.69 37.1845
264.719 13.286
77.0636 3.90318
548.96 27.498
834.124 41.7562
76.8859 3.89429
-971.964 -48.5482
403.593 20.2297
205.996 10.3498
-215.361 -10.718
-212.438 -10.5719
-463.051 -23.1025
-882.942 -44.0971
-905.542 -45.2271
-903.384 -45.1192
239.769 12.0385
144.119 7.25597
104.695 5.28477
-965.239 -48.2119
-618.912 -30.8956
-327.854 -16.3427
-513.73 -25.6365
501.779 25.1389
-976.249 -48.7624
-242.25 -12.0625
8.19353 0.459677
574.952 28.7976
808.986 40.4993
-132.294 -6.56469
-943.98 -47.149
-297.816 -14.8408
-537.088 -26.8044
173.255 8.71276
779.247 39.0124
-988.128 -49.3564
-140.105 -6.95524
-291.35 -14.5175
-960.092 -47.9546
-883.995 -44.1498
914.646 45.7823
-322.936 -16.0968
-96.4331 -4.77165
-695.888 -34.7444
-205.878 -10.2439
-1.975 -0.0487501
-599.272 -29.9136
-966.108 -48.2554
-857.856 -42.8428
505.423 25.3211
921.169 46.1085
-624.251 -31.1626
-969.915 -48.4457
-740.044 -36.9522
877.527 43.9264
-946.163 -47.2582
17.7061 0.935307
-261.763 -13.0381
481.305 24.1153
-320.791 -15.9895
605.943 30.3472
389.841 19.5421
381.393 19.1196
-931.144 -46.5072
-584.387 -29.1694
13.1566 0.707828
933.244 46.7122
275.508 13.8254
721.806 36.1403
825.669 41.3334
391.513 19.6256
488.968 24.4984
-644.751 -32.1875
-852.404 -42.5702
793.08 39.704
149.372 7.51858
145.621 7.33104
-953.676 -47.6338
35.7796 1.83898
140.282 7.06408
551.747 27.6373
-190.535 -9.47675
516.03 25.8515
581.832 29.1416
69.4209 3.52105
246.074 12.3537
488.185 24.4592
-912.873 -45.5936
984.312 49.2656
-177.994 -8.84968
-381.148 -19.0074
442.771 22.1886
-935.636 -46.7318
-999.755 -49.9377
364.144 18.2572
-520.023 -25.9512
-134.082 -6.65409
149.904 7.54521
755.484 37.8242
-559.759 -27.938
-171.91 -8.54552
-0.486626 0.0256687
929.209 46.5105
183.339 9.21694
147.109 7.40546
574.805 28.7903
-814.773 -40.6887
-854.754 -42.6877
621.129 31.1064
221.006 11.1003
285.528 14.3264
25.392 1.3196
-969.529 -48.4264
-345.925 -17.2463
-540.26 -26.963
-47.5913 -2.32956
900.149 45.0574
947.925 47.4463
-107.948 -5.34739
736.977 36.8988
