38 155.679 -88.9668 194.079 -85.3668 221.679 -63.7668 -5.12065 170.233 52.4793 189.433 90 236 62 287 -128 336 -159 268 -102 194 -39 156 -6 112 -23.1207 73.0332 -113.121 63.4332 -133.521 4.63321 -213.921 -15.7668 -195 -65 -117 -94 -35 -105 -1 -130 -21 -165 -96 -170 -171 -176 -199 -191 -220 -218 -205 -276 -143 -318 -85 -335 -10 -349 58 -342 84 -273 94 -222 112 -170 132 -141 184.479 -138.167 195.279 -133.367 200.079 -112.967 170.079 -103.367 
62 287 -159 268
-159 268 90 236
90 236 -102 194
-102 194 52.4793 189.433
-102 194 -5.12065 170.233
-5.12065 170.233 -39 156
-5.12065 170.233 -6 112
-6 112 221.679 -63.7668
-23.1207 73.0332 221.679 -63.7668
-75.9207 43.0332 221.679 -63.7668
-133.521 4.63321 221.679 -63.7668
-213.921 -15.7668 221.679 -63.7668
221.679 -63.7668 -195 -65
-195 -65 194.079 -85.3668
-195 -65 155.679 -88.9668
155.679 -88.9668 -117 -94
155.679 -88.9668 -35 -105
-35 -105 157 -125
157 -125 -1 -130
157 -125 -1 -130
157 -125 -1 -130
-1 -130 132 -141
132 -141 -21 -165
-21 -165 112 -170
112 -170 -96 -170
112 -170 -171 -176
112 -170 -199 -191
112 -170 -220 -218
-220 -218 94 -222
-220 -218 84 -273
84 -273 -205 -276
84 -273 -143 -318
84 -273 -85 -335
-85 -335 58 -342
