50
73.0544 1270.72 1775.12 -3507.44
-1971.91 199.104 1739.76 -903.258
-2258.1 3815.73 1368.68 1009.38
-3999.53 -141.689 -2137.25 137.089
-937.1 -64.7249 2637.93 -2892.58
-3168.4 62.0121 2119.31 -2380.19
291.086 1752.92 931.521 1333.86
-1189.06 1389.35 -419.378 2884
-1339.93 -2644.26 3376.55 688.158
1554.84 1116.31 3784.9 3296.75
932.042 1153.58 306.126 932.515
-2988.11 2168.88 -2930.4 74.7879
-1895.84 3707.54 1182.21 -1064.24
-230.449 -698.486 555.566 -3939.36
-2945.56 -2512.91 1394.5 -134.623
2876.44 -3024.88 -1250.63 -2463.49
-1669.14 -1874.07 2224.67 3885.71
3242.24 2009.57 3182.45 174.278
-836.852 -511.421 -2893.21 175.035
-2342.54 -1823.6 -3750.18 -238.383
-2116.06 1432.03 2697.38 1653.49
-3266.46 -747.057 1714.13 -2212.02
740.03 -891.372 1653.36 -383.528
83.7518 -3597.27 1152.99 2414.62
-1471.34 -622.343 2300.32 -2229.11
-2612.77 1482.78 1945.17 550.376
-3028.64 3051.97 -3274.59 -1371.18
-2771.64 -3024.77 2390.43 -887.7
2407.26 1087.81 -3234.21 3140.81
-3659.25 2479.91 -3071.21 1080.78
-2411.46 2582.14 -3302.75 1672.29
2984.87 1850.24 86.908 -2486.47
-2772.1 -1612.77 -715.58 -1384.87
3870.01 -2770.41 3165.5 -3158.64
-3718.44 3890.91 -529.823 -2490.08
-3133.85 -2139.39 622.22 3273.41
2948.42 1388.01 2414.22 3289.17
-132.079 3343 369.954 1456.46
1925.14 1067.21 -871.245 910.014
-1082.55 3215.66 2423.54 145.347
-2397.11 -2292.04 2760.47 -2527.1
-1062.45 1925.98 -1685.74 -780.89
1816.89 1784.44 729.03 2683.04
3645.05 -2648.75 1956.45 2593.47
2739.26 370.666 1882.64 -1392.82
-286.331 -1747.41 -3936.36 -2361.19
3319.8 -807.603 2548.83 -1762.75
-1591.94 972.369 2382.6 10.9534
2680.33 1143.07 1483.85 -2382.12
-930.955 3798.11 836.994 -3114.07
